========== Wave ==========
Type: NULL
Sample_Rate: 8000
Num_of_Samples: 12841
Num_of_Channels: 1
0
0
0
0
0
0
0
0
0
0
0
0
0
0
0
0
0
0
0
0
0
0
0
0
0
0
0
0
0
0
0
0
0
0
0
0
63743
61439
60159
58879
58111
57855
60159
62975
63743
64255
64255
63999
63231
63231
63487
64255
64767
65023
65535
65535
65279
65023
65023
65279
65535
0
0
0
0
0
0
0
0
0
0
0
0
0
0
0
0
0
0
0
0
0
0
0
0
0
0
0
0
0
0
0
0
0
0
0
0
0
0
0
0
0
63999
61439
60159
58879
58111
57855
60159
62975
63743
64255
64255
63999
63231
63231
63487
64255
64767
65023
65535
65535
65279
65023
65023
65279
65535
0
0
0
0
0
0
0
0
0
0
0
0
0
0
0
0
0
0
0
0
0
0
0
0
0
0
0
1536
4352
5120
5632
5632
5376
5120
2816
2560
3072
1792
2048
4096
4608
2816
2048
1024
512
512
256
1024
3584
4352
1792
1280
768
0
0
0
512
1280
1536
1024
512
256
0
0
0
0
512
512
256
0
0
0
0
0
0
0
0
0
0
0
0
0
0
0
0
0
0
0
0
0
0
0
0
0
0
2048
4352
5120
5632
5632
5376
5120
2816
2560
3328
1792
2048
4096
4608
2816
2304
1024
512
768
256
1024
3584
4352
1792
1280
768
0
0
0
512
1280
1536
1024
512
256
0
0
0
0
512
512
256
0
0
0
0
0
0
0
0
0
0
0
0
0
0
0
0
0
0
0
0
0
0
0
0
0
0
0
2048
4352
5120
5632
5632
5376
5120
2816
2560
3072
1792
2048
4096
4608
2816
2304
1024
512
768
256
1024
3584
4352
1792
1280
768
0
0
0
512
1280
1536
1024
512
256
0
0
0
0
512
512
256
0
0
0
0
0
0
0
0
0
0
0
0
0
0
64255
61183
60159
59391
60159
60927
63231
65535
0
0
64767
63743
63743
64255
65279
0
256
256
65535
65535
65279
65535
0
0
0
0
0
0
0
0
0
0
0
0
0
0
0
0
0
0
0
0
0
0
0
0
0
0
0
0
0
0
0
0
0
0
0
0
0
0
0
0
0
0
0
0
0
0
0
0
63999
61183
60159
59391
60159
61183
63231
0
0
0
64767
63743
63743
64255
65279
0
256
256
65535
65535
65279
65535
0
0
0
0
0
0
0
0
0
0
0
0
0
0
0
0
0
0
0
0
0
0
0
0
0
0
0
0
0
0
0
0
0
0
0
0
0
0
0
0
0
0
0
0
0
0
0
0
0
0
64255
61183
60159
59391
60159
61183
63231
0
0
0
64767
63743
63743
64255
65279
0
256
256
65535
65535
65279
65535
0
0
0
0
0
0
0
0
0
0
0
0
0
0
0
0
0
0
0
0
0
0
0
0
0
0
0
0
0
0
0
0
0
0
0
0
0
0
0
0
0
2048
2816
1280
0
64767
64255
64767
256
1280
1024
768
256
65535
65279
65535
0
0
256
512
256
0
65535
65535
65535
0
0
256
0
0
0
0
0
0
0
0
0
0
0
0
0
0
0
0
0
0
0
0
0
0
0
0
0
0
0
0
0
0
0
63743
60927
59391
61439
63743
64255
63743
63743
64767
65535
256
63999
59391
59391
62719
2560
8192
7936
2816
62463
59391
59903
63487
2048
4096
3584
2048
0
63743
62719
63487
65023
512
2048
2304
1280
0
64255
63743
64511
0
1024
1280
1280
512
65535
65023
64767
65535
0
512
512
256
0
65535
65279
65279
65535
0
256
512
256
0
0
0
0
0
0
0
0
0
0
0
0
63743
60927
59647
61439
64255
64255
63487
63743
64767
65535
256
63999
59391
59391
62719
2304
8192
7936
2816
62463
59391
60159
63487
2048
4096
3584
2048
0
63743
62719
63743
65023
512
2048
2304
1280
0
64255
63743
64511
0
1024
1280
1280
512
65535
65023
64767
65535
0
256
512
256
0
65535
65279
65279
65535
0
256
512
0
0
0
0
0
0
0
0
0
0
0
0
0
63743
60927
59647
61439
64255
64255
63487
63743
64767
65535
256
63999
59391
59391
62719
256
2816
2304
256
63743
62719
60927
58623
58111
58367
60159
61695
61951
60415
58367
56831
56063
56319
59647
61951
62719
64767
64511
63231
62207
59391
58367
60671
64255
512
1536
512
64511
62719
62207
60927
60927
63743
0
1792
1792
64255
58367
57087
60415
64255
2304
3328
1792
65279
62975
62207
62463
64255
0
1024
1536
1024
1792
1536
0
64511
63999
64511
1792
4864
3840
1536
62975
58111
56319
57343
60159
62463
63743
62719
60159
57855
58111
61183
63999
0
256
65023
61439
57087
54783
54783
57087
60159
61951
61951
59903
57343
55551
54783
57343
60159
62463
65023
65535
64255
62463
59135
57343
59647
63487
512
1792
1024
65023
62719
61951
60415
60415
63487
0
2048
2304
64511
58623
56831
59903
64255
2304
3584
1792
65535
63231
62207
62463
63743
65535
1024
1792
1024
1792
1792
0
64511
63999
64511
2048
4864
4096
1536
63231
58111
56319
57343
59903
62719
63743
62975
60159
57855
55551
53759
53759
56575
62207
0
1024
65535
61951
59391
58367
59135
61183
63487
65279
256
256
65279
63231
61695
61439
60415
58367
57343
59647
63743
1024
0
60159
54527
51967
52735
52991
53759
56063
57855
59135
58367
55551
54271
55807
58367
60927
62207
61951
61695
60927
60927
60415
60671
61439
62207
63743
62463
60671
59135
56575
55295
55039
58111
62719
65535
512
65023
62207
60159
59391
60415
61695
63743
65279
256
256
62975
59647
59647
61439
63743
0
64511
60671
57087
55295
57343
61951
65279
768
512
64767
63231
61439
60927
61183
62463
64767
256
768
512
65023
63487
62719
60927
58111
56831
59135
63999
1792
1280
61439
55551
52223
52479
52479
53247
55807
58111
59647
59135
56063
54527
55807
58367
60415
61951
62207
61695
61439
61439
60927
60671
61183
62207
63231
62463
60671
59647
56575
55551
55295
58111
62719
65535
512
65023
62207
60159
59391
60415
61695
63743
65279
0
0
63231
59647
59903
61439
63743
65535
64511
60671
57087
55551
57343
61951
65279
768
512
64767
62975
61439
60927
61183
62463
64767
256
768
512
65023
63487
62719
60927
58111
56831
59135
63999
1792
1024
61439
55551
52223
52479
52479
53247
55807
58111
59647
59135
56063
54527
55807
58367
60415
61951
62207
61695
61439
61439
60927
60671
61183
62207
63231
62463
60671
59647
56575
55551
55295
58111
62719
65535
512
65023
62207
60159
59391
60415
61695
63743
65279
0
0
63231
59647
59903
61439
63743
65535
256
256
65535
1024
4352
5888
6144
5632
3328
0
64511
65023
63999
61951
60159
59903
60671
59391
55551
51199
48895
50943
56319
59903
60159
57343
56319
58879
61439
62719
61183
59647
59903
63487
3584
4608
512
62207
59903
61183
64255
256
2048
4864
7680
7168
2560
61695
54783
52991
55807
62207
1024
256
62719
58879
56319
55551
52991
49151
48895
51455
53247
53759
51967
48127
47359
50687
54271
55039
55807
57855
59647
61183
61183
59391
57855
60159
65535
4096
4096
1536
768
1792
2048
256
63999
64255
3328
9472
12288
11008
5632
65279
62719
63743
63999
62463
61183
61183
62207
61439
57087
51455
47615
49663
55807
60415
61439
58367
57087
59135
61439
62463
61183
59135
59391
63487
4096
5120
1280
62207
59647
60927
64255
256
2304
4864
7936
7168
2816
61951
54783
52735
55807
62207
1280
256
62975
58879
56319
55551
52991
49151
48639
51455
53247
53759
51967
48383
47359
50687
54271
55039
55807
58111
59647
61183
61183
59391
57855
60159
65535
4096
4096
1536
768
1792
2048
256
64255
62975
63999
2816
6912
5120
65023
57599
54527
55807
60159
64511
0
64767
62207
59391
57599
54783
51711
49407
50175
55295
59647
62719
61695
57599
53247
51199
56063
63999
4864
9472
8704
4608
0
61183
58367
59135
63999
3328
6144
6144
3072
64511
59135
55039
52991
52735
57343
62975
63231
61951
61183
61183
60671
60415
65023
2048
3328
3584
512
62463
60671
62207
65023
65023
62975
62975
65279
1280
1536
2560
2048
62719
59135
61695
65023
1536
3328
3072
768
63999
63743
64255
64511
65535
1280
1536
1280
512
1280
1792
256
62719
58623
57343
58879
61951
64255
64511
62719
60159
58367
57855
56319
53503
50687
50175
54015
57855
61183
61439
58111
54527
52223
56575
63743
4096
8960
8448
4352
0
62207
58879
59391
63743
2560
5632
5632
3072
65023
59647
55551
53247
52479
57343
62719
63231
61951
61439
61695
60671
60415
64511
2048
3072
3328
768
62975
60671
62463
65023
64767
62975
62975
65279
1536
2048
2816
2048
62719
59135
61695
65023
1536
3328
3328
768
63999
63743
63999
64511
65535
1280
1536
1280
512
65535
64255
64255
64767
0
768
65279
61695
58879
60671
65535
1792
1280
512
65279
62719
61951
63487
63231
61183
60671
61183
63999
2816
2048
63231
57599
57343
62463
2560
5376
3584
1280
768
64767
63743
62975
62975
64767
1536
3840
3584
1024
64255
60671
55807
52223
54783
61951
4096
7936
3072
58879
46335
41215
47359
56575
64767
65023
60671
57343
54527
55295
57855
56831
54783
54527
54527
55807
58367
58623
57087
55551
54783
55039
57855
63999
5120
9984
9216
2304
59391
54527
56575
62719
3328
6912
6144
2048
61951
57855
57599
59391
58111
58111
61695
768
7424
6912
768
62207
59647
61183
64767
64767
61439
57599
55039
54015
54271
59135
63999
256
1280
65279
61695
59135
59903
63743
256
4352
8192
8448
7424
5120
1280
65535
63487
61951
62719
1024
3840
2048
256
63231
65023
4608
7424
5888
1536
256
3840
10240
14080
9728
2304
63743
62463
62719
62719
59903
58623
60671
64767
0
61439
53503
46335
51199
256
10240
16384
17408
12544
5632
61183
53247
55039
1024
17664
23296
16384
5632
63999
60159
56831
57343
58367
54783
56063
60159
63231
3072
8192
9472
5376
61695
51199
46335
47871
61439
12800
22016
25344
15872
59135
33535
17407
18687
31487
51711
3072
13824
15872
1280
50687
38143
25343
22271
33023
56319
17664
39424
50176
40704
14848
53247
35327
35327
57855
24832
45824
46336
25344
62719
40191
28671
38143
57599
2816
4352
1792
63743
56063
46847
48383
61439
9984
16896
12032
3840
59903
52479
63487
17664
30720
31744
23040
4608
58623
61439
1280
9728
9472
3328
1792
256
1280
63231
52991
46847
52735
58111
56575
59903
55807
51455
57343
50175
39935
40959
50431
63487
56831
35071
18687
23039
50943
14848
26880
8192
43519
36607
53503
12544
31744
34560
22784
12544
2560
58111
62975
16384
42240
64256
59392
29696
63999
44031
46591
56319
58111
57855
512
20736
37632
29440
53247
9215
3072
60417
50178
36098
19713
56319
23807
30463
35071
33791
35071
3328
18689
35074
49154
52225
57088
22784
55295
27647
1791
46846
47870
28927
22272
43520
41984
9728
42495
5888
3841
44545
38657
5633
33792
512
62207
4352
62463
512
8192
46079
50942
64253
40445
9981
12541
46077
59645
18942
39422
43518
23038
50429
20477
57340
765
44285
28158
41215
49920
63744
33536
57343
18175
20991
12288
60928
32257
45057
25857
26881
36864
3327
61437
6909
39933
52222
40959
29696
7169
37633
2306
12034
8961
39167
21759
63743
54016
51201
18946
23298
48642
31491
37123
55298
24577
35071
41982
65278
62975
60672
11265
44544
1536
35839
27135
49151
8960
1024
0
8448
55039
23295
46846
2046
37629
34045
38909
35581
30461
19965
62460
48636
8957
57853
19198
29694
54014
60414
38911
27392
768
27903
32766
52477
5886
47358
42751
25600
3841
62209
48642
56578
28418
50433
38912
35327
1535
13055
37375
21759
38654
50429
19710
18432
20994
37379
16131
40449
22016
54016
52225
16898
54274
53250
3075
15876
39684
29955
50177
25856
1280
7169
16130
38401
37119
51965
29949
34558
65279
51200
40704
12032
55551
18943
34558
3070
5630
43518
30975
49151
41982
38908
63994
25850
27643
44541
43007
36864
56320
15105
38144
58366
13053
55035
38652
2303
1793
33537
22017
11266
56834
40706
53504
27645
26363
25596
25343
65025
45570
39937
61439
25343
4607
11518
41725
21757
49661
61438
8704
36865
30722
34306
44289
49920
28673
3
61700
17926
34565
13060
8451
55809
6913
59392
39680
38400
29441
33538
6659
10499
13058
50688
60671
6143
64509
61436
3836
4604
8445
36350
24831
6399
20222
30205
54012
18172
42491
10747
35323
25341
27135
57600
49153
257
27135
7422
9981
765
13566
42495
53247
11263
55550
54271
61185
46082
513
30718
50684
15356
23037
39168
52995
4613
16132
50945
33023
59389
45564
47612
17662
49152
44034
13827
43266
2817
47359
7680
16385
14082
29187
57604
19462
20743
35079
44806
51204
10499
61697
26112
6399
28926
5375
27393
36100
15878
59652
49921
46846
4605
14845
43005
6909
33020
49404
51709
43262
58365
36603
6393
10488
25081
37371
58877
37119
47615
30207
6143
3070
11261
30460
19196
12542
29440
56576
24832
51710
6141
59901
56063
58112
40704
40703
49406
34814
28671
56575
22270
27132
28668
33534
43008
45314
11011
52480
23297
8711
35597
63505
50450
16911
22025
54532
3075
65281
62208
51198
30715
20473
45561
20732
26879
18178
4356
16132
27652
22020
57090
41984
33278
4861
50172
45821
60158
53504
49155
10502
15112
42760
44038
59139
10497
52223
27135
24575
25087
50174
46078
37119
64768
17410
22786
30209
40959
8702
35837
253
61692
48636
1276
5371
16890
5370
14330
19962
55033
61944
6648
60663
50424
38137
32249
1784
38645
55026
46064
13808
42736
62706
22781
30223
8220
20519
60207
58408
38685
23568
19711
7923
18157
34796
49645
34546
37366
41974
17145
507
7165
29187
62473
55567
7444
59412
37648
39432
1536
33782
62447
10222
52974
62194
36088
7165
9728
19201
31489
55808
36865
5124
50182
7178
11276
42251
25609
53765
27649
36605
2812
13052
48893
50688
10755
17156
20484
5123
12289
37887
59646
63998
36607
33024
28928
7167
54524
44281
49654
53492
22516
12533
41206
248
2296
49142
39668
45041
63726
2284
56298
48875
41714
57342
33803
16410
50212
34344
33830
6430
54034
61445
56315
42229
15857
8177
24561
59888
58864
56303
13809
36852
33787
32517
21006
32022
23065
37654
52239
32517
3580
18676
62448
23025
32499
22775
18169
62201
44281
35321
39419
24063
2310
46604
34833
45331
59152
26891
54788
12287
4604
42235
3326
45312
57090
52227
16130
54271
9981
32507
39675
21757
25088
2307
57348
4613
4099
49919
30459
28407
28660
62194
25587
32500
5878
31991
46839
37110
29172
41457
32749
37099
27884
11763
2304
33550
53790
61738
7216
14126
36644
17686
61189
55287
30189
46311
25575
21225
32748
62703
28658
41460
48887
50428
22019
35595
63251
53273
10268
54041
42258
30984
22269
23027
20204
29417
23530
48365
54002
12280
57340
62720
41988
64775
8203
9486
10768
54288
4368
1038
14091
25095
31235
55807
29180
9466
56056
46072
33273
4347
65020
46334
23552
46593
52994
64259
2821
48645
41477
20228
35585
34813
65528
49908
42481
18416
61168
19699
39158
5370
46588
5118
14334
61436
43002
60920
40954
27903
52742
41232
8217
14878
4639
56602
7954
37895
37885
13301
35312
41711
63216
25587
16374
11256
62200
23290
23036
27903
22532
60681
46606
38929
49937
20494
20488
18689
5626
41460
57841
42737
24563
27126
1274
5885
56319
27650
34308
41990
46856
16650
9483
23307
11531
45578
28681
51207
41733
56322
5888
37117
39931
30202
17914
50938
40443
51964
1022
18175
48128
22274
49155
40196
30468
62210
11008
36860
53752
40949
38131
7667
4084
62197
12792
63481
61690
6395
13562
35320
35575
4089
9725
24835
29963
2579
3608
53273
28439
29713
46345
50177
64762
41462
2037
12789
28662
3320
14329
3322
62714
20220
19454
8961
29700
27143
44553
35082
42505
22791
64771
11264
36860
56569
26872
6904
1785
46842
36860
26366
56319
63232
62465
63234
1284
3845
54789
55302
25864
8969
38665
44297
10504
52229
59650
41727
36348
38906
61945
62713
63994
26876
20477
8446
55294
22527
65535
56064
35073
47617
27905
22528
25854
1020
32761
9463
29941
46580
35316
49908
21493
9717
23540
40180
41205
50680
42494
30981
2573
50963
4120
60952
37654
38929
18954
58114
32508
21239
19188
17651
25075
13812
61429
54775
45049
19196
5119
51457
51460
34311
26633
24586
27402
3081
40198
46083
18176
63996
28154
51960
3576
22776
30457
56058
43260
41982
27648
12290
50179
11269
6407
22537
7947
27660
50188
32267
49672
5381
55552
43516
38393
53751
7671
37879
44024
51449
61434
12796
32509
56062
21760
43521
39682
5123
56066
52481
13312
18942
16380
24058
48120
34039
48630
14582
44789
22261
53748
26868
7413
38134
2298
51966
50947
63496
51468
2575
28687
16910
13324
50697
44807
54277
24324
60418
59392
31230
43003
60408
49654
39413
55029
1271
64760
19707
24829
4863
19456
17409
5634
63234
1540
7685
64773
26630
8454
5125
25091
24321
28415
63997
26365
36093
22014
24575
11008
41216
41216
24320
10752
14336
48896
50433
61698
54275
10500
49923
41474
9217
44543
30462
49917
35581
38653
45565
44029
20733
47356
6652
38395
27899
50171
32252
22525
3838
36862
49918
26366
52733
16893
56572
45564
44796
38908
8444
35323
6908
51453
35839
2562
57604
57862
4872
36616
18184
23815
15622
8965
2820
9475
18178
18689
6144
47102
25853
21244
47867
38139
62459
33532
765
45053
18174
50174
18175
57087
37632
9729
38913
59649
1794
1026
53761
34561
19457
8449
11521
20225
38401
35073
24321
51713
32257
14081
32769
23553
19969
15361
12289
3073
43264
34560
14336
46079
11775
33790
58109
16381
62716
14589
27389
41213
61949
8190
9214
62973
55805
50173
48381
45821
40701
46333
34813
40189
39678
4095
31486
57853
11773
19708
17147
16890
43258
31484
23039
19203
7687
5386
45067
57867
9227
64265
7433
29960
1032
34567
12806
2052
1793
29949
13050
50679
44534
62966
18680
9722
54011
4093
40445
49917
2558
48638
14848
14082
18436
58373
34054
9478
50180
3843
37889
40704
38912
3329
44289
4354
57857
13825
12800
26623
3583
16895
6144
11009
16130
58114
62210
38146
49153
55552
65023
21247
4095
58110
46846
26878
254
41981
2045
31740
6396
58619
54779
50939
10236
22524
30460
43004
15868
65275
44283
12027
49402
13050
59641
26873
65528
21753
52218
39165
4353
13829
41992
13578
32522
18953
17927
28165
2308
20739
56322
29186
42241
14592
46078
18429
28924
41980
34045
56318
23296
25345
50177
28161
33792
36863
57342
48638
7679
52479
32512
46592
36608
6144
28671
4863
5375
29183
15616
22273
19202
54786
2563
50178
19714
64513
47873
47873
58625
64513
60673
45057
26369
7937
63232
59904
49664
32000
0
14335
24318
39165
3069
57340
62716
8189
10749
65532
43260
17916
57083
35835
36091
53243
1276
55803
18171
24826
15097
4856
7927
42998
44790
45815
59130
4863
51970
45318
22025
26122
47370
27657
11271
46596
30722
56320
51199
40191
31487
29695
45055
13567
6399
28415
45567
45824
41985
7426
22018
38401
58879
52477
57851
45050
59898
38396
44030
53248
22786
30210
59649
769
61951
31231
50175
24832
59904
22017
34561
36609
48129
3074
32002
62722
14851
12547
48130
3074
27393
65024
1537
33281
5634
33282
35330
48129
27136
57086
34813
38908
59132
19967
8705
62720
12287
35836
13306
17912
15351
15863
46327
65271
4088
36855
8950
7668
63985
45039
26350
15343
35058
34812
46858
62230
55071
13600
21784
40716
17919
33781
1265
50672
6131
34293
47351
51192
59386
31487
47876
22027
528
59919
28684
64004
16892
50933
20978
51698
8182
40186
23294
44800
21506
62210
8452
3846
19975
8456
40455
39941
7939
59136
40959
26623
27392
33537
8450
37122
2306
42753
15874
13315
55300
1542
52741
16900
60672
61692
34553
12791
63222
23288
26362
39164
2302
30718
28926
26622
5374
33277
20988
38393
57845
41201
64241
25592
57344
27660
41748
41493
12051
35083
47874
18941
38137
6136
28151
10998
13044
26611
55285
13050
45825
45321
48397
14607
17164
64261
48896
20988
62969
41209
25081
52984
57847
5880
58617
9470
8453
55307
7697
32531
9745
12556
63493
47103
39931
26105
36856
57080
3322
6652
8447
17155
25351
36618
36875
16137
43780
38910
49912
9461
30963
4852
2038
52983
48121
31483
59132
30462
31487
13823
14333
18169
58872
765
53249
35849
48142
22285
1290
54019
6397
52986
43258
11515
33532
26620
26106
250
6140
34303
29957
19722
41994
27912
16643
13053
21498
63225
18427
34301
22014
15869
16380
52988
17919
60419
46088
30731
48395
46344
40196
8450
32000
25600
14849
25600
5631
10238
47869
38655
8451
14086
41735
53510
29955
52990
507
23800
31735
29176
33017
51962
63995
38652
40445
46846
28927
20223
38909
20474
58101
57841
45811
8443
60419
8718
53523
55313
62220
36357
29182
57851
15867
29946
55033
52215
62964
30197
49913
16384
48392
40206
49422
13323
35076
43773
27898
64249
61434
11516
46075
40697
43768
28410
1791
59653
3084
3599
29710
65033
52228
46081
64767
63487
33280
1279
60924
41211
43771
52222
3332
34824
35594
22537
57604
4095
29434
35063
53750
58871
52216
43257
27386
2299
44284
59134
53760
29441
51455
52987
23030
30449
54515
53243
48132
8207
38162
55822
2313
36864
28411
17147
16892
55293
17149
59641
61174
31222
16634
22529
41736
2573
25868
43783
21505
22012
49658
48379
46589
30206
18941
32251
30970
10236
44032
57606
43788
47887
3599
49418
60676
30207
4348
41467
45308
18686
30207
38655
52223
54272
51970
30981
7175
12550
53250
27901
5112
5365
45300
10231
63482
44797
7935
15615
17662
24318
33023
24832
18432
49149
13305
60147
44020
1020
19203
47885
53011
6928
35595
9219
60666
32761
9209
30458
8188
49914
6393
40952
52730
17664
62214
19468
36621
23306
26884
49405
31481
30968
37625
45307
47868
45564
39164
29693
19712
49412
6154
46093
42510
3853
7944
38402
4350
56058
32762
50683
14077
60414
13056
20225
21763
40965
50951
12809
49671
16131
5373
34294
11506
41457
65011
31992
8445
52735
48640
27648
42751
32255
30975
24062
52219
34295
31479
38140
14593
44809
43535
36621
6155
37380
64764
54266
29945
7162
62459
43771
2555
52730
8956
59647
52996
15113
53514
58632
36868
4351
763
33785
59897
40955
59644
32765
57341
43006
45824
60931
15368
31499
59148
25100
37384
47363
17407
43515
53242
56827
30717
32511
62464
54785
12803
45572
18694
43271
48390
3843
43005
32503
7155
15858
17140
40184
21757
9728
6913
34304
18175
41214
23294
24573
18427
40695
16376
16381
50689
60169
49935
45070
7692
5894
14590
53753
2552
1528
32761
24571
6140
63227
2302
44800
35843
11784
64009
48648
22278
9729
13564
42233
34552
24569
26619
18173
50942
8960
50177
43267
56582
6410
39179
32780
32266
55045
29441
56060
7162
16378
56827
54525
33535
9474
59651
9220
29702
10504
61445
61186
29695
26617
17140
32499
17908
5366
38394
3838
8703
62207
3584
14335
33278
47613
45307
40184
56825
30974
17410
37897
36878
4365
43531
2823
49151
12284
40953
11767
63479
30969
64761
26108
54783
11778
19205
21768
9992
57862
8709
56832
22525
38907
27129
54520
15866
11771
3581
33280
8963
17925
8456
39945
49417
46346
44553
51462
20484
18432
35068
9979
49658
61947
56318
38913
38403
33029
38150
27142
4102
28420
61696
4861
49656
2037
49139
48628
30455
21499
46334
18688
39424
4096
59390
4350
14845
38907
22525
51969
26884
59912
55051
28425
35847
18948
55038
11260
31994
20984
47864
26106
34811
22014
64769
11780
2054
27399
8710
62979
15362
7935
39676
52731
28666
59897
13819
19196
16126
49665
32004
14854
9736
48904
4872
32776
51207
39173
57347
47104
31485
9724
51707
60668
45823
27394
19716
51461
20998
38661
44548
58882
46335
18940
41720
35573
36596
43509
25080
4348
19455
51200
56576
768
34814
19197
11516
36858
39931
56063
13060
32009
9997
12812
64520
62211
3326
16378
64760
21753
63226
51964
57340
2044
35067
22779
15869
7425
56068
51975
43528
34822
39426
27390
58874
11769
1786
9980
31486
51456
13570
3
51715
38660
33797
19462
32774
42501
50179
24065
63230
27901
13053
11774
63999
51457
2819
6659
13826
51200
24319
21758
28414
28928
48897
49664
7166
49402
63991
7926
38901
27894
51703
54776
24825
761
32247
14837
30201
39431
30483
21527
48917
59406
5383
19970
30721
5889
35068
53750
23026
17392
28659
57849
28416
35844
43525
51461
23557
62725
6407
5638
2819
24574
51193
24055
18167
16121
19707
52476
19198
3841
12806
21770
10252
13837
2062
12045
41993
21510
38403
13056
54781
50940
59387
14331
1532
47614
38657
54275
15877
3845
48899
49153
6655
49659
2808
62964
47090
39153
53233
27890
20723
4596
61939
45042
41968
6383
44278
58632
6680
1823
36382
60950
57868
64772
42753
25343
762
42483
28653
61673
23276
40947
32509
45317
24074
15628
19723
30474
21514
65288
16134
60160
3066
6644
63472
9458
39669
61433
7934
27905
5126
56842
26126
56592
34320
61965
36874
38918
7170
49149
35835
63482
57850
18940
11774
55295
61441
40196
16903
3848
8711
13829
50689
61437
16634
28150
52210
15600
3568
22001
64754
5877
52214
31735
5623
56053
56051
47096
18951
36115
10009
35353
51219
33289
64767
47869
18942
36603
54776
55029
41201
20464
20469
53246
3590
40457
59402
15624
58371
16130
23043
33283
50432
16381
14841
9973
63220
25337
256
10246
57865
28171
50186
56585
41482
64266
20745
29701
29184
4092
43257
52986
24318
28929
55298
30722
36865
51713
35843
51973
25094
28932
45824
22780
65528
16375
31734
46325
34548
58611
16372
47605
12280
41466
65531
20987
7417
59637
56817
26867
254
1802
30226
32534
11541
42510
4102
26113
62207
57085
15356
40442
41207
24820
7924
16376
26365
25346
60422
26120
52742
4100
30722
59137
59136
29952
31487
53500
5370
20729
38140
23041
27141
17673
45578
47881
1288
65030
19975
52486
43525
55811
31232
36861
21244
509
21502
3583
2304
40704
1025
20482
516
20485
51972
31490
5375
43002
14839
44533
21493
42741
50421
62197
9718
39158
9976
53753
56058
46074
45816
57849
37376
5384
62478
33299
19987
61453
48645
55807
5628
55289
49402
47355
54522
55800
40695
56568
31739
2048
23557
55815
30727
9733
25346
13568
65278
57087
57856
33792
44287
35070
2558
62462
48897
45829
14344
22537
29449
15624
62470
62981
12549
57347
32257
61694
10492
506
56569
33019
11774
43520
34818
51203
53507
9475
6658
10240
24317
12538
35319
45301
41716
56820
38389
3062
50166
59895
20729
21242
30458
39673
18167
59126
8955
31489
35848
33806
46096
14862
48392
34819
30975
13821
31741
510
22525
49403
7930
35833
39418
59389
5890
261
12806
41221
4
15874
24577
53505
17922
12290
46849
51712
1792
23552
12034
57092
18183
53512
64520
41479
39429
45827
14850
6401
11008
18431
8702
57852
63739
42491
60923
48380
56573
46590
53246
22782
45053
1277
23036
47867
10491
29434
37881
50680
7160
52983
3064
51704
46841
10490
61433
61432
23031
29175
24058
46846
23811
56838
61191
27398
45571
38145
27136
19200
63232
8705
11264
50686
42237
6909
34045
49662
63231
46592
4609
8961
15617
31489
60929
47362
39939
13572
20740
58115
64258
4866
43265
41729
59137
20738
33794
18946
49409
4865
21248
44287
12031
36862
57597
21501
65532
57596
63484
18685
29181
21757
8701
52476
25340
62715
44027
37627
32507
31739
27643
18939
17403
13051
64762
62714
30971
5116
36092
2301
5373
26365
30974
44543
54016
22017
769
62975
51710
20990
24830
3839
256
27648
16128
60927
63743
23552
15873
20226
39682
16642
35841
47360
18176
37632
38657
29442
51714
38914
43777
30720
43007
46591
11776
39936
57600
26112
21503
9726
15869
57596
58876
12029
13053
54268
25852
60411
50427
64507
12540
2812
33275
57594
27130
43002
44283
48124
25341
30461
3325
29692
4348
18684
63740
65533
63742
26879
35071
25599
27903
57343
23296
62208
24321
28673
16897
58880
44800
45568
4609
34561
37121
21505
53504
17920
3072
8192
33792
60928
11521
2049
33536
0
46079
52735
8960
28928
35328
9728
29183
44030
10494
14846
46334
24319
48383
35839
59390
1534
30461
23549
44285
11774
23294
9726
39421
3581
61948
16381
51965
17918
42238
45054
25342
18686
20734
34302
51198
53758
43262
25598
33534
61950
44287
41728
6401
5633
46592
4352
39935
44287
39680
56577
46338
56834
16386
8961
65535
31743
61183
769
18690
6659
7171
20482
59136
47615
14079
30975
36608
56065
39938
30210
30465
0
36862
56317
8190
3327
23296
32769
54017
13057
63743
46590
56829
53757
38142
38655
28416
55296
41728
61951
3583
25342
19198
53502
46847
42752
18689
26369
257
23552
48127
17663
14591
42751
18688
53504
4609
58880
25856
50175
6399
39422
24318
31486
54782
11007
22015
15615
58110
30462
12798
12542
31486
18943
18432
48896
52480
39168
63999
13055
56318
3327
33023
13824
61952
7681
45312
3328
32767
13311
23551
61695
33536
54272
57600
31744
46335
64766
47614
62718
29951
1024
26624
20992
52223
11775
40190
16638
30206
4607
41983
1536
8448
55807
27903
11519
10751
20991
43519
4864
18176
12032
62463
42495
25599
19455
28671
47359
62719
3328
1536
54015
40703
37119
39167
44543
54783
1792
4608
58879
44031
27135
13823
12799
18175
37887
65023
16640
20480
11264
60671
40447
30719
33023
43007
62975
17408
26368
25856
15360
61951
48127
47359
58111
11520
32768
47872
46080
32256
16384
63999
52991
55551
2560
22016
39936
48128
39424
19968
0
47103
40703
50687
4608
24576
36096
36864
23808
3840
51967
44031
49663
62207
12544
26112
29440
24576
11776
61439
51455
51967
60671
8960
23296
31744
32000
26624
16128
5888
1024
3840
12544
24064
34304
38656
35840
30208
22016
11776
6144
4608
8192
16384
22016
25088
24576
22016
20736
19200
18176
19968
23040
26368
28416
25344
18944
14592
10752
11520
15104
18944
18432
14080
10496
4096
0
65023
768
4096
7424
10240
9472
8192
9472
11776
14592
18432
22016
25600
26880
27136
26368
21504
15616
12288
9216
6656
7168
9216
10240
10496
7680
2048
61695
56575
54271
55039
60159
3584
14080
22528
21504
12544
3328
62207
60927
2048
16896
35072
49920
56576
51712
38400
23552
11264
6144
8448
16896
28928
37376
36352
27904
16128
4352
64511
0
6144
17152
24064
25088
21248
12032
2048
59135
54015
59135
0
5632
10496
12288
10240
3584
62207
57599
57855
61183
0
5632
9216
8960
5120
1536
0
64511
256
3840
8448
14080
15360
12032
9216
5632
4864
7424
8192
10496
12032
9984
7936
6656
4096
3584
4864
5888
8192
7168
6144
4864
2816
1280
256
768
4096
8192
7680
5888
4352
1536
0
64255
64767
1024
3328
4352
4608
3328
65279
62975
63743
63999
63999
63743
63999
62719
62975
61695
61183
63487
63743
64767
65279
65023
64511
63743
63487
63743
64255
64767
65279
0
65535
65279
62719
57855
52223
48127
48383
50175
49663
49151
50687
50175
47103
45311
44031
43263
45311
48383
50175
51455
53247
54271
53503
53503
53759
54527
57855
59903
59391
60415
59903
58879
58623
61183
62719
62207
63487
63487
62719
62207
61951
62207
62975
63743
64255
64767
64767
62207
59135
58111
57343
57343
60159
63743
63231
58879
53759
49407
46847
45567
46079
50431
55295
56831
55807
55039
54015
52223
51711
52223
54527
57599
58879
59647
59135
58367
56575
57855
58879
58623
60415
60927
61695
61439
60671
60159
60159
60671
60927
61951
62463
62975
62975
62463
62207
59903
59391
61439
61951
63487
61951
59647
58367
56575
57343
57599
58879
62463
63487
63743
62463
60927
59903
59391
59903
60927
62719
63743
64511
63999
62975
64255
0
1280
768
65535
65279
64767
64255
63999
64511
63743
61695
60927
61439
63231
62975
63231
63999
64255
64511
63999
63743
63999
63999
63999
61951
61951
63743
63743
63743
63999
64255
64767
64767
64255
64255
64511
64511
64511
64511
64767
65023
768
3072
1792
512
768
256
0
0
65535
1792
4864
5376
6144
5632
3840
3584
2560
1536
1536
1792
2048
2304
2560
2048
2304
2048
1536
1536
1536
65535
63231
62463
61183
62463
63999
63999
65023
65535
65535
65279
64767
64511
64511
64767
64511
64767
65023
65279
65279
63231
62975
64767
64255
64255
64511
62719
62719
64767
63999
63487
64511
64511
64255
64511
64511
63999
64767
64767
64255
64511
64767
64767
64767
64767
62975
60671
58623
55295
54015
54527
55295
54527
54783
55039
54271
54015
55039
54271
51711
54527
55807
55295
56319
57087
57087
57343
57855
57343
59647
60671
58623
59647
60159
59647
59903
60159
60415
60415
61439
60671
61183
61695
61439
61695
61695
61951
61951
62207
62463
62463
62719
62719
62975
62975
62975
62975
63231
63231
63487
63487
63487
61951
59647
59391
58367
57855
59647
59135
59135
61439
60927
58879
59391
60927
60927
61695
61951
62207
62975
62719
62719
62975
63487
63487
63743
63999
63999
64255
64255
64511
64767
64767
64767
65023
65023
65023
65279
65279
65279
65279
65279
65279
65279
65535
65535
0
0
0
0
0
0
0
0
0
0
0
0
0
0
0
0
0
0
0
1536
3840
4608
3328
4096
4096
2048
2304
2304
2304
2560
1792
1792
1792
1792
1024
1280
1024
1024
768
512
512
512
64767
64255
0
0
65279
0
0
0
65535
65279
65535
0
0
65535
0
0
0
0
0
0
0
0
0
0
0
0
0
0
0
0
0
0
0
0
0
0
0
0
0
0
0
63743
61695
61439
58367
55295
54271
52991
53503
54271
53759
55551
57599
57343
57599
58879
59647
60415
60671
60927
61951
62463
62207
62719
63231
63743
63743
63999
64255
64767
64767
64767
65023
65279
65279
65279
65279
65279
65279
65279
65279
65279
65279
65279
65279
65279
65279
65535
65535
0
0
0
0
0
0
63743
61183
58623
55295
53759
54271
55551
55039
54527
54271
55551
57087
56831
57599
55807
54015
55551
57087
57599
58111
58879
59391
59647
59391
59391
59903
60415
60671
61183
61183
61695
61695
61695
62207
62207
62463
62719
62719
63231
63231
63231
63231
63743
63743
63743
63743
64255
64255
64255
64255
64255
64255
64767
64767
64767
64767
64767
64767
64767
64767
65279
65279
65535
0
1536
2816
3840
7424
7424
7168
9728
10240
8704
8448
7168
5888
5376
3328
1536
64255
62207
61695
60415
59135
58623
58111
58623
59135
59647
60159
61695
62719
63999
65279
0
1280
2048
3072
3584
3840
4096
4096
4096
3584
3072
2304
1792
3328
5376
4608
3328
3072
2560
2560
1792
512
0
0
65279
64511
64255
63487
63743
63487
63487
63743
63743
64255
64511
65023
65279
65535
1792
3328
4352
6144
5120
5632
6144
5376
5120
4352
3584
2560
2048
1280
256
0
65535
65023
64511
64255
64255
64255
64255
64255
64511
64767
65023
65279
65279
65535
0
0
0
0
0
0
256
512
512
0
0
0
0
0
0
0
0
0
0
0
0
0
0
0
0
0
0
0
0
0
0
0
0
0
0
0
0
0
0
0
0
0
0
0
0
0
0
0
0
0
0
0
0
0
0
0
0
0
0
0
0
0
0
0
0
0
0
0
0
0
0
0
0
0
0
0
0
0
0
0
0
0
0
0
0
0
0
0
0
0
0
0
0
0
0
0
0
0
0
0
0
0
0
0
0
0
0
0
0
0
0
0
0
0
0
0
0
0
0
0
0
0
0
0
0
0
0
0
0
0
0
0
0
0
0
0
0
0
0
0
0
0
0
0
0
63743
63231
65279
65279
63231
63743
65279
64511
63487
65023
0
64767
65279
0
2048
2304
512
1536
3072
2560
1536
2560
3072
1792
1280
1792
1536
512
256
512
0
65279
65279
65023
64511
64511
64767
64511
64255
64511
64767
64511
62719
62463
64767
64511
62975
63743
65279
65023
64255
65535
256
0
0
1024
1024
512
1024
3584
5888
4096
2560
4864
5632
3840
2816
6400
6144
5888
13824
15872
8192
9728
16896
12544
4352
3072
1536
59391
57343
60927
54271
47615
51455
53503
48127
47615
52991
53247
51199
55295
59647
59647
60415
65023
3584
4352
4608
7936
10496
9984
10240
12032
12032
9984
9728
9984
7936
5632
4608
3584
1280
0
64767
63231
61439
60671
60159
59391
58879
58879
59135
59135
57343
57599
60927
61183
60415
61951
64511
64511
65023
1024
2048
2048
2816
4352
4352
4096
4352
6912
9216
6912
5120
6656
7424
4608
3584
6400
5888
4864
12800
14336
6400
7680
14848
10240
2304
1024
65535
57599
49151
42751
34559
27903
24063
20991
15871
10495
10751
13055
14591
16383
20223
25087
30207
36607
45311
54271
61951
3328
11264
18432
25088
30464
34816
37888
39680
42496
44544
43776
42240
40448
37888
34560
30720
26368
19456
11520
5376
0
59135
54783
50175
46079
43007
39423
38143
35327
33023
34559
37631
39679
41471
45567
51967
57343
61183
0
3072
4864
7680
9984
12800
12800
13056
14592
14592
11776
7680
5120
2304
63999
59903
55295
50687
46335
43007
39679
36351
31999
29695
30207
25599
19455
17407
18431
19199
20479
22015
21759
25855
32511
37631
41471
46591
52479
57343
62719
3328
9984
14336
18176
22528
25600
27648
28928
29184
28160
26624
26624
26368
24320
21504
19200
17152
14848
12288
10240
5632
1024
63999
61439
58111
57087
55807
54271
53503
52479
52479
50943
49151
50687
53503
54783
55295
57599
61951
65023
0
2560
3328
2304
2816
3328
4096
2560
1536
2560
2048
65535
61951
60415
58111
55295
52991
49919
47615
45055
43775
41983
40703
37887
36607
38399
40703
43519
44799
49919
54783
61695
6656
16640
28416
41216
54272
1
11265
18689
22017
28673
34049
33025
29185
22785
16385
9473
1
53760
40960
28928
17152
5376
59903
48895
39423
29439
20479
14079
8959
5631
3583
3839
5631
9215
14335
18687
25343
34815
43775
50687
57087
64767
5632
11520
18688
24832
29184
32768
38144
43008
43264
42240
41472
37888
32000
26112
18432
9984
65023
52735
41471
31999
23295
13823
7423
1791
63742
64254
64510
1535
5631
11775
19711
28159
37887
47871
58367
2560
13056
22528
33536
42240
51456
62720
6913
16385
25601
33281
37889
42241
41729
36609
34561
30977
21761
9473
61440
48640
36352
22528
8192
60159
47871
37375
27903
19967
13567
9471
6143
3839
4863
7167
11007
16127
22527
30207
38655
48127
55295
63743
7936
16640
22272
26112
30464
33536
34560
35840
36096
34560
32256
31488
30720
25600
19968
15360
8704
768
59391
51711
43775
33791
24319
15871
10239
6143
1279
65534
65022
767
5887
11263
17919
25599
34815
45311
55039
65279
9216
18944
27904
35584
42240
48128
52480
56064
58368
59392
59136
57856
55552
52224
47616
42752
38912
35840
28928
21504
15872
9472
3072
63743
57343
51455
46847
42239
38143
35327
32767
30975
29951
29951
30207
31487
33279
35327
38143
41727
45055
46847
50175
55807
59135
62719
512
3840
7168
10752
13568
15616
18176
19712
20480
21504
21760
21504
20992
19968
20736
22016
21760
22016
22528
22784
23040
24064
24320
24576
25344
25856
26112
26624
26880
27136
27648
27904
25856
23296
21760
19200
16384
13568
10240
6656
3840
1024
63487
60927
58111
55551
53247
51711
49919
50943
52991
52223
51711
53247
54015
55551
57599
58367
59903
61951
63743
65023
512
2048
3328
4864
6144
6912
7936
8704
8960
9216
9472
9216
6912
5632
6144
4608
3328
2560
1024
256
65535
64511
63231
62719
61951
60927
60927
60159
59903
59903
59903
61951
64767
512
3328
6656
9728
13568
17664
20992
24576
28416
31488
34816
37632
39936
41984
43776
45056
43520
41472
39936
36864
33280
29440
24832
19968
15104
9984
4608
1792
0
61183
56831
54271
50943
48383
46847
44799
43263
43263
42751
43007
43775
45055
46079
48127
50175
52223
55039
57599
60159
62719
65279
1792
2048
3840
6656
7680
8704
10240
10752
11264
12032
11776
11520
11520
10752
9728
9216
8192
6656
5632
4096
4864
6144
6400
7424
8960
10496
12544
14848
17152
19200
21760
24064
26112
28416
30208
32000
33792
35328
34304
32256
31488
29952
28160
25856
23296
18432
14336
12288
8192
5120
2048
65023
62207
59135
58623
57343
54527
53503
52223
51199
50687
50431
50431
50687
50687
51455
52223
52991
56319
60415
63743
1280
5632
9728
14336
18688
23296
28160
32256
34304
35328
36864
37376
37376
37120
36096
34304
32512
30208
27392
24320
21248
17920
14592
10752
7424
4096
768
63743
60671
58111
55551
53503
51711
49919
48895
47615
47103
46847
46847
47103
47615
48383
49407
50687
51967
53503
55039
54783
55807
58367
59647
60927
62975
63999
65279
768
3840
5888
6400
7936
8960
9472
10240
10752
11008
11264
11264
10752
10496
9984
11264
13568
14592
16384
18176
19968
22016
24064
26112
28416
30464
30464
29440
29184
28160
26880
25344
23552
21248
18688
16384
13568
10752
7936
5376
2816
256
63999
61439
59391
57599
55551
54271
52991
52223
51455
50943
50687
50687
51199
51455
51967
52991
54015
55295
56319
58111
62207
1792
6912
9728
12032
15360
18432
18176
15104
9728
4608
512
60671
52735
42239
33279
27391
23039
17663
10751
6143
6655
9727
12287
15615
21503
28927
39423
52479
64255
9728
22784
38400
56576
8449
24065
34561
41729
49409
54529
52737
43265
30721
17153
257
45312
22784
63743
36351
13311
59646
38910
22270
9982
65533
61181
61437
60925
61437
1790
11774
23038
37118
50174
61950
9727
22271
30975
39679
48895
55807
58879
1536
15872
23296
23296
20992
22528
25600
25600
21760
16128
13056
9728
3840
64511
60415
57855
55295
52223
48895
47359
49663
53503
55295
56831
60927
65279
2816
7936
11776
14336
20992
30464
40448
47104
49920
52224
56576
60160
59904
56064
48640
40448
34304
28160
17920
4096
55551
44799
34815
22527
13823
5887
63230
59390
55806
50942
50174
56318
63230
3071
7935
12031
18175
27391
39679
48895
51455
52223
57855
65279
2304
512
63999
14848
46592
52224
29440
5376
4608
19456
24576
8960
51711
44031
52223
58879
55295
45055
40703
47103
55295
57343
55295
54783
56575
59903
62719
1792
5376
6144
9728
15360
21248
25088
29440
36864
44544
48896
51456
55808
58368
56576
54272
52224
46592
39168
31744
21760
8704
64511
54527
42495
29439
18687
11007
2815
60158
54782
56318
59902
60158
60670
59390
58110
65278
15103
25087
26879
29183
35839
46591
54271
58367
62207
64511
65535
18176
50688
57600
37632
14336
8704
19968
27648
13568
54783
46079
52991
60671
56575
45567
40703
45823
56063
57343
52479
51967
56063
61183
61695
60415
64511
4864
8192
11008
14592
19200
24576
30464
38144
44800
48128
50944
56320
59136
56832
54016
51456
46592
39168
31744
21504
8448
64255
54783
42751
29439
18687
11263
2815
60158
54782
55806
59902
60158
60670
59390
58110
65278
15103
25087
26879
29183
35839
46591
54271
58367
62207
64511
65535
46592
13314
7171
14595
17155
40963
4612
6148
48899
53762
18946
45825
27394
11527
6922
6151
55297
25855
3072
22016
15102
60921
53494
17143
47097
19962
52472
33784
61946
35838
62464
65025
23042
16131
24837
18695
27399
49414
35590
16390
31749
20484
62466
24065
1792
24831
38142
37117
59900
60924
63996
60412
16637
35069
45821
63485
37886
36862
21502
54270
1791
3327
20223
24831
54015
32257
10754
27904
61693
30460
35836
56572
764
63225
40442
33023
9220
15109
59652
30982
16904
34312
29959
11781
28418
41216
10240
36350
33787
55545
30202
33275
37371
56315
57852
15358
57087
16385
45313
24321
40449
11522
48385
32512
42751
30975
3839
31486
14846
13566
28670
23295
33537
55555
22277
29446
58119
20745
26121
12552
39942
15877
49155
52993
40703
25085
52987
60666
17658
33017
1529
25849
5370
20474
9210
8698
18682
9978
34809
13048
17398
40948
30963
7666
41200
32240
39665
53746
50937
62468
60938
26636
22799
60435
23572
37137
35341
63493
37117
29688
60149
36337
36077
37358
21234
43254
49915
2049
28676
37383
13324
20494
6156
25608
40709
27394
27646
33019
57080
28918
15606
42744
20987
17917
33280
38148
37127
32521
34058
2058
4872
13830
28932
27394
49409
26881
63231
46847
14082
27652
51715
64258
54275
773
518
11526
13572
57600
1023
3070
62970
27638
3827
33521
62192
10737
53489
61937
58097
64498
33780
3829
36603
22279
1550
45839
7441
30482
1809
8974
1289
65022
51189
10226
46065
27632
41455
5362
3318
10492
5380
13321
3594
8714
32011
61450
29959
771
254
29689
39927
9720
63991
37111
48377
52733
55809
32517
35336
59401
62985
1546
61704
40965
18945
33533
11259
2554
15099
25854
39168
49154
1799
17676
55310
53773
23819
776
39684
56833
40446
56057
36853
24052
64756
30965
47861
29942
36087
13561
30971
14076
31482
759
2804
30962
5367
40961
15368
61961
2571
41229
49422
18188
22791
34047
54520
42230
2807
53493
33267
42740
29944
5630
13828
15623
40710
32773
41734
63494
45316
18945
33533
60410
44794
16892
40444
3324
42493
65280
27396
39174
20487
12806
48900
47620
11524
37377
59645
17147
62969
52730
24830
34306
59141
33289
47117
46863
43022
26635
22534
4097
13821
57082
45304
19703
44791
25337
30203
2557
34045
33788
15355
37882
51705
18167
39411
6641
46575
44782
6388
64766
22276
7687
50699
4367
5394
55571
11793
7690
59139
54528
5628
7671
63474
58094
2031
40178
59638
46586
29182
18947
46599
50699
22029
28683
54793
51207
19204
14592
36859
10232
5111
38647
5368
55032
16891
39678
19458
15878
39689
46858
35851
24332
22282
64007
9221
34561
62976
63232
6911
44541
41725
43262
52991
513
21761
7681
31490
17923
64513
55039
16637
38906
11512
42229
33778
2288
47343
60656
39922
4340
18165
5622
53501
49675
7698
275
3348
33300
58900
33043
16397
770
48378
19193
37622
11764
17395
49906
32245
2556
61185
29955
51204
49671
47368
58376
12040
47364
40960
26110
11005
38906
42232
11000
58103
60409
11773
59646
1280
60161
44804
1543
60167
12039
17669
6148
9219
48897
9217
14335
18685
12286
55551
34304
9473
45315
8966
42503
20233
39688
55046
19974
7429
29186
51455
65533
8444
48634
49913
40695
19190
36086
42486
14838
3062
20726
37110
58615
40697
11513
51959
47094
27125
500
58610
20722
48112
47861
41217
21768
28429
57873
60946
27157
7191
28435
16138
46594
12030
62200
4599
21493
43761
16626
4599
45820
47360
29955
62724
43781
43016
34826
50695
46339
5376
23293
15612
34299
51705
1272
249
62202
63228
37888
9218
22530
11780
47877
33798
32006
23045
8963
28929
57600
26879
9727
32255
60669
57854
2819
4358
43271
6665
1033
15624
36616
21511
52227
57600
15359
52733
41212
27387
32249
6648
2296
48887
60406
45558
48118
3063
7416
15609
43513
45305
40441
30968
17398
34292
49138
41200
59632
5363
59386
33286
32523
56334
53778
52244
18455
34326
42256
3336
24834
12543
46585
65269
18675
5617
3059
38134
9978
10237
4352
30467
37637
58887
11529
34823
49669
772
37121
12543
15869
36347
14074
21754
21498
46841
53499
34046
38655
16897
38914
36099
25093
51718
18950
51204
34819
44802
45825
57601
46337
65534
38144
28163
47875
18181
52996
62467
33540
21253
57348
33026
52481
62464
50687
52991
38909
30970
48120
28663
4086
46068
58355
26611
11508
4598
17143
20984
30713
41209
29177
52472
31223
1526
63476
46069
57334
15607
24056
1018
50427
26878
2561
64770
28933
17672
27914
39948
43534
49935
53776
53777
49425
21265
51216
20495
37901
55563
16393
29446
61955
61440
59133
22523
32248
52213
56819
60401
17392
29935
48878
22510
57070
41199
38896
25330
22516
23286
2553
53755
24062
13313
65283
26374
58120
8203
47884
13582
26127
58639
8720
2576
15375
15118
3341
16395
17929
16135
53508
27394
12032
47613
25083
27641
28919
45557
31988
23539
34034
18674
9970
19698
1523
54515
54260
20982
55287
25337
18171
5629
49150
42496
29698
12036
64773
30983
55304
11274
5643
46091
5900
9228
1036
43275
61706
1290
62984
47111
25350
59140
18179
47361
14336
47614
19453
60411
43258
37881
44280
61687
25335
1015
56054
61430
12791
41207
15608
63480
57849
62714
7932
20989
37374
56063
8449
24578
36099
43268
44549
35846
15367
49671
5640
13832
10248
58631
28679
52230
6
2821
64771
54530
39937
26624
12799
510
56316
49659
51962
64249
19193
49400
24568
10744
11512
22520
40440
2041
35577
9210
52986
33531
17660
7933
254
59646
53759
47104
41985
31746
17155
65283
39940
7941
35077
51717
56837
53509
43781
25605
5
34820
65027
23555
44546
258
21505
39424
60159
17407
40446
2814
36349
6397
45564
26620
13564
6396
5372
9980
19452
34556
54780
11517
37885
3838
36350
4095
44031
24320
61440
30209
64257
29442
64002
28419
52227
4100
11780
15876
17156
8452
54787
32515
7939
44802
11266
34305
55040
13824
37631
63230
22526
46077
13309
51964
25596
3836
53755
45051
44027
48635
55803
2812
23036
46588
6653
29437
52221
12798
41982
3839
29183
54271
14080
42496
7937
41985
9730
36866
58626
12291
26627
34307
37891
33027
18947
3075
51458
29186
5890
47105
19713
60928
41984
25600
12288
0
52223
41471
33023
27647
25343
21503
18431
16639
19455
25855
23807
20735
26367
27391
26623
37887
49407
65535
19968
31744
46080
1281
26113
54785
9730
28418
54786
10755
35331
2308
11012
59907
44291
30723
10243
48642
15874
40961
54272
2048
20991
36606
60669
31997
63996
31484
11004
57339
44283
46075
50683
56059
63995
5116
16892
36604
58108
10237
17917
21757
30717
39165
50173
1278
16126
37630
3839
30975
51711
4352
19200
35072
46848
48896
40448
20992
5376
61183
42239
17407
50686
16126
58109
36861
12797
54012
27132
6396
58619
43003
29947
21499
18683
25851
43771
6652
37372
17661
22270
22783
28928
50177
59906
12036
41477
52486
52999
40968
4361
16137
7945
41736
56071
49158
24581
52739
2562
17664
36606
55036
22523
6138
2809
22264
57591
40695
46071
63735
23544
58360
27897
65529
36346
57082
62970
28411
16892
42492
7933
56573
16894
51710
31999
53503
5376
30720
45824
53504
57088
49152
23296
56575
21759
36862
40957
41980
31227
16634
9465
5112
10231
32758
14070
16118
43766
41975
63224
44282
57852
8191
26369
59651
10758
14600
16650
47371
43532
15117
9485
35084
32267
64009
10760
518
46083
29697
8191
2301
22011
51961
44280
62711
29943
26871
39415
58359
28408
59128
22265
55801
6394
18938
25082
3322
41977
38393
48377
48377
2042
56314
45307
43004
57597
61694
9728
34561
28162
2307
28163
21763
2051
28418
18177
55295
11518
23804
41722
65016
35319
33782
60149
51445
7158
56566
9208
54777
52219
62205
31232
53762
41220
60422
50440
48137
8971
52235
42251
56075
22539
23562
29449
1544
37894
5
11779
46593
2816
27134
20733
2556
61690
20474
37113
10745
3577
53752
57592
55800
41464
46328
37368
18424
12024
41719
63478
41464
61435
7933
31741
58878
14079
8191
43776
18434
60930
36611
43779
63234
30978
20482
22274
50178
6659
44802
40193
25088
25599
4351
22783
32511
22271
57854
17662
57341
46333
62717
31998
63230
30719
53503
64511
17920
47104
21249
65281
38914
6659
35587
59651
5636
6916
63235
45059
31235
18435
62466
33794
56577
1281
8704
21503
44798
7166
41981
11773
38908
65531
31483
3067
54010
55546
56826
57082
61690
63482
2556
4606
46590
58622
13056
48896
64768
20738
771
515
20739
7427
30210
514
51713
52225
63489
2
22273
12800
14079
38398
27646
31742
29694
13054
52989
38653
31741
35581
54781
11262
43006
14591
46591
14848
47104
19713
3842
45314
15875
60675
31492
49668
62468
61188
37892
14596
59651
32771
1539
23298
29441
25856
25343
36094
53757
13309
45052
8188
33787
3579
47610
31226
27386
28410
30202
40698
52730
5627
17404
61693
38910
59646
54527
22272
47360
57089
45058
49154
61186
63490
44802
33282
18690
11778
14594
3074
51457
18689
32256
1024
50687
31231
24575
15103
59134
51198
51198
47614
56830
767
10751
37375
61695
18944
53248
16897
44033
14082
49666
8963
25091
42243
51459
49411
42499
25603
63746
31234
60929
21505
42240
59135
7935
22526
41213
62972
25596
62203
36603
17147
6395
64762
58106
55802
56314
60922
17659
43003
46588
27902
7679
25343
7680
38656
16897
22530
5123
28931
40451
33795
23043
12547
54786
41474
37378
23810
4866
33537
51456
14336
46335
23551
9983
53758
33278
24830
23806
26110
34302
41214
50942
11007
35839
768
43008
7937
41985
19714
56578
17667
36099
56323
3844
7684
9220
57859
25347
57346
20738
44289
61696
9216
24063
41726
60669
15613
39420
63227
31739
15611
3067
59386
55546
48890
51194
60410
2299
19707
40956
58366
36096
42753
16386
62977
29953
3841
52736
51712
51456
58624
61440
46848
26112
55551
19967
8447
12799
27391
38143
37887
31743
20223
9215
767
62462
767
14335
39679
768
24320
41984
57344
7681
26113
49921
11778
36354
4611
45571
4
5892
2052
50947
36355
24835
6147
38402
61953
15105
24832
38655
54014
3838
26109
46844
6140
37371
251
32762
15866
13562
8954
9722
21498
27386
37370
59642
12283
60668
20736
10500
2056
29962
6155
41993
23814
47106
3583
21756
8955
16891
30204
52733
49918
59646
29694
51965
64508
33532
16124
25084
61436
29693
7934
32766
44542
61694
12799
44543
15360
56576
26113
51201
12802
30722
58114
45315
57092
25606
49927
25096
47367
1542
516
64257
24832
26111
55550
41214
41470
37118
9470
20989
12540
4091
12282
32761
2809
58360
58360
65272
2809
61432
46328
27384
28920
49144
20217
34044
21762
42248
24334
785
12303
62984
22528
3320
13298
52720
42227
10489
11519
21251
31492
56834
0
44797
509
14846
28160
29186
18691
17922
61951
24829
59643
45308
44031
57603
51975
61705
41993
5383
18435
39167
19965
63996
15870
17664
64769
771
17411
49922
2
1793
5120
11263
5374
13821
30972
12284
40956
34813
58878
4608
37120
7168
44798
62204
18683
19450
16122
49914
47355
29436
35836
12796
30203
53754
17918
56581
34318
62998
6938
60437
51467
45821
61680
32489
36841
6385
40956
2312
58126
21775
64009
19201
1529
16371
55537
12788
39416
38397
6145
15363
12036
50180
61957
5895
54023
16391
4869
61185
43774
62716
30205
18176
44548
43528
4619
64522
22792
60419
45054
12026
34039
15607
17657
59132
52480
54787
62980
40451
16896
41723
19191
38644
21492
48374
46074
56574
46337
12546
26880
63996
10745
19958
30709
39414
35064
4350
45830
45327
42519
21530
28951
18958
21505
36597
64236
26091
57071
46328
9987
39434
61453
56075
11270
31487
39161
24054
20725
34038
40184
58874
29949
50943
58882
9222
13321
16907
39178
56327
14851
17918
6907
39418
28413
26882
55303
51211
49676
5387
17159
24322
47613
21754
53240
60408
40442
22525
4864
26626
30723
50178
21504
29180
30712
29685
21236
48373
57592
45820
65023
30977
61952
29950
58106
45303
2806
26870
41723
5382
47377
65051
62239
52251
21008
51967
11249
43239
43494
33518
28410
50183
46096
51986
527
10758
18429
23798
34034
34802
2292
52214
33785
11260
56575
63491
10249
26125
13327
38413
41223
1536
37112
29684
49141
37115
52740
37645
1555
30739
54030
24839
3071
39160
5621
55028
27127
12027
43263
11011
14341
41477
29955
43007
39162
31477
16626
33265
57843
35832
58877
13314
47107
2306
56829
47864
22004
29170
58098
34807
11777
23562
26897
58389
34580
40974
39175
36865
11517
45818
40698
35578
5369
53751
25846
15605
41206
40698
3840
48645
19722
29964
32011
29448
40964
44800
55805
48124
22268
12284
35068
61692
21245
38398
769
7172
34567
52746
6157
39693
6668
51464
60163
42238
14330
3831
49653
34038
47096
51195
10239
11778
25860
36869
52485
63492
52482
28415
251
7670
42481
39150
37101
25070
45296
38131
5878
61175
32248
15864
53244
13319
54033
15388
10531
39200
28182
62215
20728
28396
23015
42473
30960
48120
2048
14595
31747
18179
21251
14597
33288
8971
43787
51720
58882
21243
16116
48112
26609
47861
35068
52226
43782
52743
30726
11524
18434
4866
64515
27398
16136
25864
60421
63489
1022
36603
54779
12030
28417
18948
25093
51204
6659
32001
2817
42753
52738
25091
10754
11519
8443
21495
8949
57332
21494
48120
39930
34299
33019
35834
19961
28152
63991
26359
7158
52723
5617
25582
59116
4846
6646
16134
2327
61988
20525
21034
53789
50444
33019
30446
48615
15848
40940
34033
27639
39164
43520
35845
2571
29456
65043
61459
17935
50949
46586
16369
12011
37610
54766
2806
8702
43780
57352
30218
2058
5641
58119
46854
6661
12034
36094
63738
61176
27385
12540
59136
4614
12298
42764
37132
8714
31494
31746
27903
60157
49917
30206
12799
19455
30974
62460
33275
49146
14075
61436
61950
10496
41983
11005
36089
6902
10996
9204
22005
57590
47095
63990
33012
17649
17903
45550
36335
59891
23806
37389
31515
56356
53287
32801
3860
22532
5878
65003
21735
14824
54508
62194
57337
26880
56325
523
37135
21266
8978
20750
43271
10239
26614
12272
25837
6126
39410
3577
26623
55556
35336
13578
24586
52233
40968
25094
27907
6656
12284
29177
22521
4859
38910
6915
47366
39432
38152
38663
1542
21764
59139
260
46083
3331
3841
55293
33786
57335
62454
60919
26618
38141
58111
41728
45055
10493
10234
38391
4342
42485
43509
34549
41716
45042
65007
51181
45549
17135
49905
15350
51967
4623
44573
45094
56104
49441
32786
35072
7921
63463
17125
12776
31471
56822
30972
8449
18949
5130
7439
39954
14355
24079
13063
55036
63474
45548
30443
62702
50933
61436
17410
25093
36614
11015
21256
778
9995
62473
2566
5632
27641
40180
18676
56824
48639
16134
29706
56586
36616
19462
46853
48134
14088
32520
6
41216
17146
17141
33011
33525
8954
15103
42498
31491
18434
24576
13311
13311
24575
22270
15099
22774
7665
38125
17901
53487
42483
65014
11768
22263
54005
58611
35575
1798
27160
36133
59432
11554
38932
7683
61682
58858
2539
49390
46578
50677
50424
43003
54526
60164
35853
30484
19990
9490
45577
32767
45301
39919
6127
12274
3830
1785
65018
57340
35583
1028
13322
53007
12050
55823
19977
62976
18425
22772
24051
59893
61946
24320
25604
65286
36616
63241
8972
8206
14862
20747
17925
5886
23800
26357
40181
7160
6651
17917
254
4606
55550
39168
61698
52228
46340
56321
24316
61941
4337
50926
65518
4593
24819
20212
15347
62448
29168
65522
8186
62984
33819
58153
41517
19747
785
8704
16885
64241
48882
54002
45297
65006
34284
15086
9205
29185
39184
55067
52510
36376
11020
52736
28154
29176
18168
8182
32753
15085
50155
36591
63736
13829
57360
48663
12823
17
47368
13058
30207
52734
53245
13051
39415
40693
52214
10491
54529
50696
11534
44560
30991
54795
7432
63493
22277
65027
51711
3065
22258
59886
23280
33269
56571
65024
43779
11268
28163
27650
57601
35329
24320
16381
51191
7153
38891
65512
33513
1516
4847
10226
23287
16897
31247
5150
28198
7716
57368
61194
19457
37630
18687
60413
6647
41196
21988
5859
64233
55541
32001
35081
21005
15630
17678
7438
37133
11532
32777
33285
10752
43513
12787
43502
59117
22769
19447
13053
7169
61954
19204
47110
32266
11534
34831
23309
46344
11524
43009
8193
46592
31486
22522
19446
61172
34039
62204
49410
48646
15880
18440
5128
5384
58887
45830
10244
34560
22780
19448
56308
35570
56561
52722
501
47863
12282
10236
56573
27903
34560
18944
9470
28666
23542
11002
10503
22546
37140
64783
23565
33293
25611
41478
37889
3582
60155
19964
17920
18948
34308
6146
21505
63234
53762
24319
25595
41721
3578
60154
6652
53245
30975
21505
42755
20229
18692
3841
47614
6655
55808
61185
40194
1028
64773
41735
36616
39944
24071
47620
62722
44547
19716
18690
10751
26879
54274
31236
31490
22015
1790
34557
63995
51961
8696
35575
39159
1273
36859
4861
44796
40699
37883
25083
23289
59126
7414
8695
4599
27381
18420
54771
31730
61678
12012
44270
19190
6402
59918
22040
2331
42006
29968
25355
52229
43262
27128
22519
29947
32256
36356
28935
7689
42248
33285
64513
61950
50683
37368
49654
64247
2299
60413
52991
61952
11778
29443
14340
27395
37120
38653
41980
8190
27136
58881
11267
6405
22791
48392
40712
38919
11270
9220
55298
48899
20740
36866
53759
33023
32770
13572
19202
12799
4094
43006
59901
38395
10489
40695
29175
43512
43258
45307
39675
49659
31484
41468
11003
6905
37111
1527
44022
60917
22517
14324
21490
63215
59886
54512
26869
9980
57863
39189
61467
31001
40211
40975
51724
47879
45568
37115
2298
6395
36093
44543
6145
36865
57345
61698
27907
57601
49662
64507
60154
1275
6651
50682
49914
28412
63743
24579
15620
49154
40193
22274
50179
56067
36866
63489
64258
22532
261
35589
27654
51462
57605
29188
13828
36357
15621
3330
25855
19455
40448
7680
40189
13820
57340
52989
62972
251
51705
32761
41977
62457
12538
10490
7674
52218
49403
4604
26875
13050
40185
2041
53751
55285
13299
13553
47855
39918
30191
52979
7420
31750
61709
38672
24850
63765
28441
32282
2842
37144
17943
48661
52753
2318
65290
54790
10754
31998
45564
30716
46331
47097
49144
36345
8699
44795
47098
55033
31482
46844
38142
29694
33277
62461
8960
53506
16644
24068
4101
57094
26632
40200
49415
11527
31751
57095
13576
55815
10246
21252
8195
44034
62977
55807
20989
8188
15100
5372
59642
31737
22265
31226
29435
30971
23035
8188
34813
24318
63229
15101
8445
31997
29437
40444
45819
12539
59130
10490
40952
759
3574
55029
58614
5625
24571
23550
3843
34824
20237
41489
59413
25369
20764
51998
22559
24350
18461
19227
15896
55572
29968
43531
40199
28419
62206
63738
16119
10228
29938
3825
33519
60910
13295
61679
35057
13299
24820
9462
40440
9723
62205
39936
52738
17157
56327
60169
43531
63244
39949
18958
50446
18446
27917
34316
13067
59913
30728
16902
260
2818
64255
2558
9980
5882
33784
38135
47350
14838
19190
36598
5623
51959
23032
61688
48633
28922
58362
12283
20475
20475
10235
38906
53497
1785
4344
28151
35575
39673
11260
45564
22526
22017
28418
50435
17670
6919
7687
58375
2824
10504
62728
44040
3080
53255
57350
5894
31493
52995
58625
29184
47614
3325
43771
57337
26616
6648
52471
26871
62711
32504
62456
25082
44027
37116
8446
47359
59648
23042
5636
36357
29190
21255
24840
60424
12809
18697
34312
43527
13575
9222
38404
9219
37121
6144
64254
45053
18940
14075
27386
60409
39673
15097
761
3321
19961
53497
15354
23290
32762
58874
27131
49147
39931
24315
17403
1531
63226
61178
28922
18171
27902
1024
56063
24834
65284
22021
63238
27656
2824
40200
59656
28167
53766
15879
12038
63748
9733
61187
21506
48642
59137
47871
15103
24830
30460
2044
29179
35833
11513
45049
5881
19193
17402
21242
3067
49148
42493
28414
57343
2049
7170
41475
55044
26629
518
61446
33799
33287
29959
12807
43270
21254
43781
23812
12547
7682
59392
65535
61950
32253
33276
64507
23803
59386
37114
9978
13050
40186
49402
51962
1275
17659
39931
65531
8444
2556
1020
60923
50683
28411
38394
5114
11514
58361
58105
40955
35581
16638
51711
52481
41218
61955
31493
26629
29445
33542
54534
29702
43526
42502
38917
17669
23045
3076
43522
61441
31232
53758
1790
41212
40186
3578
52985
48888
41720
15609
19961
1530
30715
7676
64508
57086
6656
1025
38914
39683
12292
34053
36870
47622
8199
38407
21767
6919
4615
18694
15109
41988
46851
18434
13825
14592
60926
65021
20477
13820
27387
19963
60922
40186
57850
55034
42490
8699
27899
15355
35067
57595
47867
59387
4860
34555
21499
21755
39418
22010
38650
6650
18938
8957
32767
27136
15362
12803
45315
25092
62211
44290
38913
27649
5121
54528
2049
4097
27137
54529
16130
20226
56321
27649
48640
65535
16127
20734
24061
47356
39932
35324
33276
59644
33789
17150
6399
46335
13568
63232
42497
3330
30210
47362
59650
37891
17156
25092
23044
39940
54532
51204
40196
12804
43779
28163
63234
61953
62464
15616
42239
64254
5886
8701
39932
29692
5116
41723
26875
27387
40443
46331
35835
24571
41723
63995
58107
39675
28411
30459
36603
763
6138
2810
18938
29178
13563
35585
48649
50954
34572
34832
13586
8209
6668
26376
46085
42754
27133
57847
34039
62967
20984
52471
46071
10747
3326
22014
7166
49150
59134
35838
38397
56571
3836
30205
61181
23550
42496
17412
5895
37128
10506
44044
57611
42249
16648
24326
30213
40706
0
50943
61951
19456
29184
2049
32769
38145
47104
26367
35326
16637
1532
18939
16123
61691
42748
24829
8446
51966
42750
36349
25084
4603
11001
36342
37621
46581
57331
12786
56561
37616
65519
32497
21242
34052
27655
15117
52245
54808
17684
42000
27409
7436
25860
39937
54528
45821
30202
20475
46076
17661
11516
1531
10749
64765
33531
31481
42491
9981
60154
5371
14845
33278
46845
41213
1792
3586
48130
21506
6148
46086
59654
26374
21255
4105
28936
5895
15622
12550
59909
18435
16643
44036
48387
22018
12290
45826
46337
21760
13823
50686
8702
30460
57083
59643
45051
60666
43002
47354
13306
27385
28408
36599
6134
41716
40434
15857
37103
45292
16109
37360
17657
53504
30980
14092
53778
42514
40463
32784
55309
51205
51457
24320
26108
28920
6394
18428
56315
16380
33533
33022
9213
44539
17659
1018
18680
61686
51447
22777
24826
13308
29695
39938
37635
61956
18439
58631
57094
11270
31750
36869
50947
25859
54531
3844
45059
40964
9990
24837
54532
3589
39939
6145
35583
46334
31741
19965
5630
45054
21759
45055
41215
65278
65277
36348
45818
27897
37880
11512
57079
16376
54008
55287
15094
14325
13299
5360
6127
36592
2290
37110
12030
43779
33287
32268
23568
1808
27663
63246
32779
51462
63747
49152
32251
30201
53497
20472
22262
14583
55544
59895
43767
6137
35577
28408
11512
21753
56313
24314
35579
50429
3328
33793
35075
59653
28167
36615
47879
20744
4872
61190
60165
56325
35333
48900
32004
61956
61700
4356
32771
60162
57345
34560
35071
6911
61182
57854
37374
31486
30462
2046
31741
8957
64252
14332
18427
60666
43514
10746
47097
40953
23033
47096
31223
61941
43252
54515
24052
39669
10231
31481
15355
17660
11518
23296
47105
1027
39428
52229
60934
19464
50952
17672
60679
41991
46342
33285
14852
20738
23808
14335
13054
56572
2556
36859
52474
30202
46330
38906
22266
49402
25851
51963
35580
53501
60670
58367
8705
19970
5123
56323
46340
24581
23302
5895
47622
37382
63238
36358
56837
44549
261
60163
23043
38914
12289
8704
25087
14334
14077
37628
46331
63482
50426
29946
58361
44793
47353
36857
29945
41721
39929
20729
11001
60664
18168
2552
45560
54266
49405
10494
45821
15872
8962
22273
41986
17413
19973
40453
32263
12551
52997
21510
27910
48388
41219
48130
47616
33279
16895
766
53756
40956
61947
17403
48123
46331
56826
10235
56827
47867
15100
40701
27902
17407
44800
36609
7426
21507
27396
55044
32517
61189
38405
54789
26886
59909
31493
39429
56580
55555
36867
52738
32513
60160
18432
56830
58109
21501
28412
57851
51451
16123
35834
24570
13306
56569
55033
48377
29177
29689
19705
57080
46584
24056
58615
18424
31738
48893
65535
47617
7428
1542
21511
28169
28683
14860
27660
57867
32266
11017
2824
44294
63748
43522
19968
51966
45565
47356
61435
45050
15353
23544
49911
24055
38647
3320
58872
12794
41211
55293
6144
38145
28675
14341
59653
46342
50695
31240
8713
31753
24585
5385
31496
57351
20999
774
18436
43266
50176
8191
254
54268
55547
14075
44794
34554
35322
29178
36346
36090
17402
12794
13562
13562
30458
32250
8698
9722
4602
20729
24824
30967
26870
28405
58612
39157
65015
27386
31740
19199
48641
38659
23814
20233
6155
17676
1037
59916
27916
51467
43018
57352
44294
43780
57346
58880
3071
15101
2299
6393
51959
41718
57589
4086
49142
40695
8953
18939
23037
16127
29441
45827
30469
63750
32008
38921
13322
41482
47370
19722
41225
55304
47623
11526
19460
15362
11776
19710
46588
26363
19706
34553
13049
4601
3321
19449
42489
63225
21242
47610
2043
15355
37371
58107
508
4092
62203
50939
44795
17147
37626
8954
41977
50936
29689
16891
50426
13306
60411
43260
38396
47101
29438
44286
27135
3584
34816
60160
21761
54529
62977
9986
34050
34818
35586
42498
36610
33282
27906
16642
7170
59905
46849
33281
17153
6145
60928
48128
41216
32000
24064
23296
14592
2560
64767
60415
57087
52735
41983
34815
30463
21759
16383
11775
767
54782
43518
26878
11006
64765
49405
33021
23293
14077
13821
34813
34557
4605
25341
2302
50429
43005
9214
20734
30718
56062
10751
20991
26879
49151
13312
27648
46592
49664
30464
24832
17920
12544
20992
25856
27392
28160
19456
13312
13568
10240
8704
12288
13568
12288
11008
9216
8960
8448
12032
22016
28416
29952
29696
27136
24576
22784
23040
25344
27136
26880
26368
23040
17920
13824
9472
7424
8448
11776
14848
16384
17152
17664
14848
12032
12288
14592
17664
19456
20992
22016
21248
20224
20480
19200
15360
11776
11776
9984
5888
5376
4352
256
62207
62463
63487
64511
1536
6400
8704
7424
7424
10496
13056
14848
18432
19200
18432
18432
17664
17408
15872
15104
17152
16640
16128
14592
13312
14592
16128
16896
16640
14848
13824
12544
9216
7936
7424
5632
4864
3840
2816
256
62463
60415
58623
56319
57343
61439
62719
61951
64511
3328
7424
8960
12032
17152
19200
21248
21760
20992
21248
20736
20224
20736
18432
17152
18432
17152
16640
15104
13824
17408
19456
22528
28160
31232
33536
34304
32768
33536
31744
30976
33280
33536
31488
29184
26880
27136
27904
27904
27392
25600
23808
22016
17408
12544
10240
7680
5376
4096
2560
1792
1024
256
0
0
1280
3584
4864
6400
7680
8448
9216
9728
10240
10496
11008
11008
11264
11520
9472
9216
8448
5376
4608
3584
2304
2048
1280
768
64767
63743
64511
64511
62719
60415
59391
57855
56831
54015
52991
54271
55551
56319
57087
59647
58623
59135
61695
61439
63487
63999
64255
65279
65535
65535
65535
0
0
0
256
0
0
0
0
2048
4352
5632
7424
8192
8960
9728
7936
5632
4608
3840
3328
2560
2048
1792
1792
2048
1536
1280
65535
62719
61695
62207
61951
61695
63231
63231
64255
64767
64767
65279
65023
65535
65279
65279
65535
65279
65535
65535
65535
0
0
0
0
0
0
0
0
0
0
0
0
0
0
0
0
0
63743
61439
60415
59391
58367
57599
56831
58623
60671
59391
59903
61695
63999
65535
64255
64511
256
3072
4608
5120
6144
6912
6144
4096
3328
2560
2304
1792
1536
1536
1280
1024
768
65023
64511
63999
61439
62463
63743
63743
63999
63999
64511
64511
64767
65023
65023
65279
65279
65535
65535
65535
0
0
0
0
0
0
0
0
0
0
0
0
0
63743
63743
65279
65023
65023
65023
65279
65535
65279
65535
65535
65535
0
0
63743
61183
60671
59647
58623
57855
56831
56575
57855
57599
55551
55551
55295
55039
54527
55807
58111
58623
59647
60415
61183
61695
61951
62719
62975
63487
63743
63999
64255
64255
64511
64767
62719
62719
62207
59903
61183
62463
62719
62975
63231
63999
63999
64255
64511
64511
64767
65023
65023
65279
65279
65279
65279
65535
0
0
0
0
0
0
0
0
0
0
63743
63743
65279
65023
65023
65023
65279
65535
65279
65535
65535
65535
0
0
63743
61183
60671
59647
58623
57855
56831
56575
57855
57599
55551
55551
55295
55039
54527
55807
58111
58623
59647
60415
61183
61695
61951
62719
62975
63487
63743
64255
64767
65023
65535
0
0
0
0
0
0
0
0
0
0
0
0
0
0
0
0
0
0
0
0
0
0
0
0
0
0
0
0
0
0
0
0
1536
4352
5120
6656
7936
8704
7168
5888
5632
4608
3584
3072
2560
1536
1024
768
256
0
0
0
0
0
0
65535
0
0
0
0
0
0
0
0
0
0
0
0
0
0
0
0
0
0
0
0
0
0
0
0
0
0
0
0
0
0
0
0
0
0
0
0
0
0
0
0
63999
61439
58623
55295
53759
54527
55551
55039
54783
54527
54271
54271
54271
54527
54527
54527
54527
56575
59391
57855
58367
58879
59135
61183
61695
62975
63231
61695
59391
60927
63487
63231
63999
62207
59903
61183
63231
61695
61439
61695
60927
62975
63231
63743
64255
64511
64767
64511
65279
65023
65279
65535
65535
0
0
0
0
0
0
0
0
0
0
0
0
0
0
1792
4352
5376
6912
6144
4608
4352
3328
2560
2304
2048
1536
1536
1024
768
1024
256
256
256
0
0
0
0
0
0
0
0
0
0
0
0
0
0
0
0
0
0
0
0
0
0
0
0
0
0
0
0
0
0
0
0
0
0
0
0
0
0
0
0
0
0
0
0
0
0
63999
61439
62463
63487
63487
63999
64255
64511
65023
65023
64767
65279
65535
1024
3840
5120
6656
5888
4352
4096
3072
2560
2048
2048
1536
1536
1024
768
1024
256
256
256
0
0
0
0
0
0
0
0
0
0
0
0
0
0
0
0
0
0
0
0
0
0
0
0
0
0
0
0
0
0
0
0
0
0
0
0
0
0
0
0
0
0
0
0
0
0
63999
61439
61183
60415
59135
58623
57855
57087
56319
55295
54527
54271
53759
52991
54527
56063
55807
56575
57343
57855
58111
58623
59391
60159
58111
58623
60927
60159
60671
61439
61439
61695
61951
62207
62719
62719
62975
63487
63487
63743
63743
63999
63999
64255
64255
64511
64767
64767
64767
64767
64767
65023
65279
65279
65279
65279
65279
65279
65279
65279
65279
0
0
1536
3328
3840
4864
5888
6400
5632
4096
5120
4608
4096
4096
3840
3584
3072
3072
2560
2560
2304
2048
2048
1792
1536
1536
1536
1024
1024
1024
1024
1024
512
512
512
512
512
512
512
512
512
0
0
0
0
0
0
0
0
0
0
0
0
0
0
0
0
0
0
0
0
0
0
0
0
0
0
64255
61695
60927
58111
54783
53759
54271
55039
54527
54527
56319
58111
58111
58367
59391
59647
60159
60415
60927
61183
61695
62207
62463
62719
62719
63231
63231
63743
63743
63743
64255
64511
65023
65279
65535
0
0
0
0
0
0
0
0
0
0
0
0
0
0
0
0
0
0
0
0
0
0
0
0
0
0
0
0
0
0
0
0
2048
4352
5632
4352
4608
6400
4352
2048
2048
1280
768
768
768
768
512
256
0
0
0
0
0
0
0
0
0
0
0
0
0
0
0
0
0
0
0
0
0
0
0
0
0
0
0
0
0
0
0
0
0
0
0
0
0
0
0
0
0
0
0
0
0
0
0
0
0
63999
61695
61183
59903
59391
59135
58623
58367
58367
57599
59647
61951
62463
63743
62463
62463
64767
64511
65023
0
0
0
0
0
0
256
0
0
256
0
0
0
0
0
0
0
0
0
0
0
0
0
0
0
0
0
0
0
0
0
0
0
0
0
0
0
0
0
0
0
0
0
0
0
0
0
0
0
0
0
0
0
0
0
0
0
0
0
0
63743
61695
61183
59903
59391
59135
58623
58367
58367
57599
59647
61951
62463
63743
62463
62463
64767
64511
65023
0
0
0
0
0
0
256
0
0
256
0
0
0
0
0
0
0
0
0
0
0
0
0
0
0
0
0
0
0
0
0
0
0
0
0
0
0
0
0
0
0
0
0
0
0
1792
4096
4352
5632
6912
7680
8192
8704
8960
7680
5888
5888
5120
4096
4096
3584
3584
3584
3328
3072
3072
2816
2560
2048
2048
2048
1536
1536
1536
1536
1280
1024
1024
1024
1024
1024
512
512
512
512
512
512
512
512
512
512
0
0
0
0
0
0
0
0
0
0
0
0
0
0
0
0
0
0
0
0
64255
61695
61439
60159
59135
58111
59903
59903
59647
61695
61951
62463
62719
62719
63231
63743
63743
63743
64511
64511
64511
64767
64767
65023
65023
65279
65279
65279
65279
65279
65535
0
0
0
0
0
0
0
0
0
0
0
0
0
0
0
0
0
0
0
0
0
0
0
0
0
0
0
0
0
0
0
0
0
0
1536
4352
4864
6144
6912
7680
8192
8448
8960
7680
5888
5120
4608
4096
3840
3328
3072
3072
2304
2048
1536
768
512
256
0
0
0
0
0
0
0
0
0
0
0
0
0
0
0
0
0
0
0
0
0
0
0
0
0
0
0
0
0
0
0
0
0
0
0
0
0
0
0
0
0
0
63999
61695
61183
59903
59391
58879
58111
60415
62463
62719
61695
61951
64255
64511
64767
64767
65279
64255
63743
65279
65023
65279
65535
65279
0
0
0
0
0
0
0
0
0
0
0
0
0
0
0
0
0
0
0
0
0
0
0
0
0
0
0
0
0
0
0
0
0
0
0
0
0
0
0
0
0
0
0
2048
2048
256
768
768
512
256
0
512
256
256
256
256
256
0
0
0
0
0
0
0
0
0
0
0
0
0
0
0
0
0
0
0
0
0
0
0
0
0
0
0
0
0
0
0
0
0
0
0
0
0
0
0
0
0
0
0
0
0
0
0
0
0
0
0
0
0
0
0
0
0
0
0
0
0
0
0
0
0
2048
2048
256
768
768
512
256
0
512
256
256
256
256
256
0
0
0
0
0
0
0
0
0
0
0
0
0
0
0
0
0
0
0
0
0
0
0
0
0
0
0
0
0
0
0
62207
58111
58879
58879
60671
64511
2560
4608
5632
5888
6912
9472
11264
9472
10240
12288
11008
11008
12032
12032
12288
15616
23808
29440
30976
30208
28416
25856
23808
24064
25856
26880
26624
25856
22784
18176
13824
9216
7168
8192
11520
14848
16128
17152
17664
14848
12032
12288
14336
17664
19456
20992
22016
21248
20480
20480
19200
15104
11776
11776
9984
5888
5376
4352
256
62207
62463
63487
64511
1536
6400
8704
7424
7424
10496
13056
14848
18432
19200
0
0
0
0
0
0
0
0
0
0
0
0
0
0
0
0
0
0
0
0
0
0
0
0
0
0
0
0
0
0
0
0
0
0
0
0
0
0
0
0
0
0
0
0
0
0
0
0
0
0
0
0
0
0
0
0
0
0
0
0
0
0
0
0
0
0
0
0
0
0
0
0
0
0
0
0
0
0
0
0
0
0
0
0
0
0
0
0
0
0
0
0
0
0
0
0
0
0
0
0
0
0
0
0
0
0
0
0
0
0
0
0
0
0
0
0
0
0
0
0
0
0
0
0
0
0
0
0
0
0
0
0
0
0
0
0
0
0
0
0
0
0
0
0
0
0
0
0
0
0
0
0
0
0
0
0
0
0
0
0
0
0
0
0
0
